# Decision sequence generated by SATSolver
# Format: <var> <value> (where value is 0 for false, 1 for true)
252 1
249 1
248 1
245 1
244 1
241 1
240 1
239 1
238 1
237 1
236 1
235 1
234 1
233 1
232 1
231 1
230 1
229 1
228 1
227 1
226 1
225 1
224 1
223 1
222 1
221 1
220 1
219 1
218 1
217 1
216 1
215 1
214 1
212 1
211 1
210 1
209 1
208 1
207 1
206 1
201 1
198 1
197 1
196 1
195 1
194 1
193 1
192 1
191 1
#Conflict
198 1
197 1
196 1
195 1
194 1
193 1
192 1
95 1
189 1
188 1
187 1
186 1
185 1
184 1
183 1
#Conflict
#Conflict
37 0
